39
1490 820
1680 710
1200 450
1900 450
2900 450
2300 450
4550 450
5525 450
5700 450
7180 300
7110 760
7550 590
8430 590
8800 300
8950 300
9070 790
9340 790
9680 680
9700 440
9800 440
9900 440
10480 630
10880 200
11200 280
11250 280
11300 280
12520 760
12640 760
12700 200
12800 200
12230 550
12150 550
11750 750
13700 750
13800 750
13900 750
13850 750
14300 750
14050 750
33
1055 450
2070 700
2450 450
2500 450
3150 590
4400 450
4600 450
5950 450
6990 300
6750 450
6250 450
7750 590
7735 300
7900 300
8200 590
8550 590
8600 790
9300 300
9225 440
9950 680
1080 680
10300 440
10640 440
11000 440
12750 580
12420 300
12550 200
11900 450
13700 550
13850 340
14080 500
13330 500
14500 750
1
400 300