34
124 836 924 500
1250 618 266 5
1348 844 316 5
1827 904 315 500
1864 558 205 5
2232 398 316 5
2342 844 206 5
2839 806 316 500
3418 677 316 5
3915 747 1205 500
4841 439 1218 5
5596 890 560 500
6261 717 613 5
6903 458 577 5
7207 836 231 500
7621 729 231 5
7804 254 567 5
7963 577 408 5
8186 904 316 500
8532 628 241 5
9033 777 640 500
9607 751 37 5
9607 692 37 5
9607 633 37 5
9607 574 37 5
9607 515 37 5
9607 456 37 5
9607 397 37 5
9607 338 37 5
9607 279 37 5
9607 220 37 5
9607 161 37 5
9607 102 37 5
9607 43 37 5
0