45
122 574 730 500
852 574 1333 5
862 736 322 5
1186 849 164 5
1347 952 262 100
1592 848 164 5
1865 713 321 5
2195 574 555 500
2750 574 740 5
2760 884 322 100
3044 708 322 5
3489 574 3308 500
6797 574 134 5
6607 461 2753 5
6858 900 322 100
7181 833 257 5
7463 714 69 5
7532 714 883 500
8415 714 593 5
8498 916 892 100
9384 802 322 5
9148 572 1218 5
9854 804 322 500
10367 766 303 500
10308 373 637 5
10590 592 70 5
10660 592 551 500
11116 438 60 5
11176 438 262 500
11662 573 322 5
11642 874 198 100
11824 669 92 5
11916 669 413 500
12347 437 322 5
12509 325 322 5
12471 873 198 100
12698 697 102 5
12800 697 96 500
13184 602 283 500
13467 602 39 5
13506 466 630 5
13538 676 322 5
13932 631 322 5
13492 870 2000 500
14542 0 1 2000
0




